9286.661062
10102.919626
9715.426747
9711.097694
9108.792140
9527.645885
9837.752882
9721.820971
9816.880355
10228.472194
9902.213615
9806.167014
10116.415452
10148.244861
10100.919622
9915.231923
10375.266351
10331.684036
9777.726959
10259.595388
9527.480605
9663.742878
9817.960902
9987.274560
9952.032836
10040.243801
9517.253856
10106.476774
10016.933273
9420.804091
9591.939404
10401.019229
10004.492070
9826.139280
9439.859867
9688.537870
9679.223004
10274.625089
9695.142394
9877.319395
9370.445310
10192.781609
10308.279788
9536.458081
9732.274406
10708.352073
9689.572064
9933.390205
9948.558166
9236.915896
10426.051159
9151.405780
9945.469351
9971.108894
9692.871210
9456.515743
9879.250446
9900.378152
9715.341030
9986.014524
10713.419705
9998.332540
10092.742947
9888.478784
9631.830218
9693.294260
9923.051318
9741.059187
9215.548374
9921.735261
9452.013981
9994.066192
9428.654413
9946.804884
9776.018144
9736.031769
9556.275956
9894.617107
10198.535559
10414.141473
9185.321349
9658.786471
10492.035182
10112.404971
9973.099290
10761.246693
9932.606843
9612.329364
9587.543218
10519.774585
9680.100054
9477.752841
10379.443248
11032.462759
9819.253365
10355.409805
10110.696661
10202.266835
9961.338765
10199.306119
9644.607012
9487.808947
9984.213415
10256.866588
9562.503942
8791.726928
10186.264052
10118.492348
9348.762544
10163.613069
9698.483066
9510.227264
10338.680353
10075.882367
10765.267461
10793.277292
10107.038031
9953.034963
9815.110050
10111.405071
9627.546562
10215.898964
10346.434007
10065.098242
9497.764134
9764.216856
9937.345895
10367.935610
9402.400098
10231.697046
9983.964684
10370.444058
10014.122999
9591.083767
9826.668944
9038.766875
9971.975171
9679.887040
9652.975932
9837.191077
9777.884792
10176.128598
9955.502160
9302.860874
9887.548814
9697.429428
10546.448547
10116.347936
10532.302227
10357.005770
9663.790145
9813.907299
9865.489373
9815.736850
9466.608726
10282.826958
9741.799585
10117.588707
10201.442354
9636.234802
10428.682634
9543.290450
9300.778953
10178.015713
10089.122102
9709.666058
9900.835256
9789.722087
9135.105683
10012.955103
9579.840306
10314.154215
10039.445480
10437.788682
9743.103762
9767.925528
9700.675704
9892.935372
9769.682646
9349.056607
9875.401657
9315.693622
9099.797220
10370.803095
9847.958469
10369.497861
9736.666573
10508.406862
9909.536686
10175.169362
9994.343498
9416.867282
10413.892279
9618.528455
9741.192368
10189.351339
9691.240059
10519.004408
10142.490066
10641.150057

read_time:0.027110 sec
compute_time:0.033513 sec
output_time:0.000215 sec
